TR
10
[0.847571189279732, 1.2068676716917923, 1.0778894472361809, 1.0594639865996651, 1.0226130653266332, 1.105527638190955, 1.1147403685092128, 0.9673366834170855, 0.9212730318257957, 0.9581239530988275, 1.0594639865996651]
0.0179209709167
WC
10
[0.8773809523809524, 5.054761904761905, 1.0214285714285714, 5.9452380952380945, 1.0738095238095238, 1.1, 0.8773809523809524, 0.9690476190476192, 1.1392857142857145, 0.9428571428571428, 1.0214285714285714]
0.0459051132202
TR
50
[1.0168188906215192, 0.9656939184673646, 0.9543328135442192, 1.0793049676988193, 0.8975272889284919, 0.9713744709289375, 0.9656939184673646, 1.0509022053909558, 1.0509022053909558, 1.0565827578525284, 0.9940966807752283, 0.9429717086210737, 1.022499443083092, 0.9770550233905101, 0.9088883938516373, 0.8691245266206282, 0.9316106036979283, 1.0849855201603922, 0.9656939184673646, 1.0963466250835376, 1.0793049676988193, 0.8975272889284919, 1.1588327021608376, 0.829360659389619, 1.0963466250835376, 1.045221652929383, 0.9543328135442192, 0.9713744709289375, 1.0111383381599466, 1.0849855201603922, 1.0281799955446647, 0.9656939184673646, 0.8691245266206282, 1.0906660726219648, 0.9940966807752283, 0.9770550233905101, 1.0111383381599466, 0.9088883938516373, 0.9656939184673646, 1.0395411004678101, 1.1304299398529738, 1.6075963466250835, 0.960013366005792, 1.8689017598574293, 1.8916239697037203, 1.1247493873914012, 1.0509022053909558, 0.9997772332368011, 0.9884161283136557, 0.9997772332368011, 0.8975272889284919]
0.259395122528
WC
50
[1.0157676348547717, 1.0263485477178425, 0.962863070539419, 1.0475103734439835, 0.962863070539419, 0.962863070539419, 0.8676348547717841, 0.9311203319502075, 0.9840248962655602, 1.1004149377593362, 0.9099585062240664, 1.036929460580913, 0.8993775933609959, 1.0157676348547717, 0.9840248962655602, 1.1004149377593362, 0.9840248962655602, 0.9205394190871369, 1.0157676348547717, 1.036929460580913, 1.036929460580913, 0.8782157676348549, 0.8464730290456431, 0.9840248962655602, 1.0898340248962657, 0.8782157676348549, 1.0792531120331952, 1.1850622406639004, 0.9734439834024897, 0.9734439834024897, 0.9205394190871369, 0.9840248962655602, 1.0157676348547717, 1.1004149377593362, 0.8782157676348549, 1.0686721991701245, 1.0263485477178425, 1.0051867219917012, 0.9840248962655602, 1.0157676348547717, 1.0898340248962657, 13.289626556016598, 1.036929460580913, 37.71037344398341, 22.748962655601662, 0.8782157676348549, 1.0051867219917012, 1.0475103734439835, 0.8358921161825726, 1.0686721991701245, 1.1427385892116182]
0.401976823807
TR
100
[0.9438511252692854, 1.0487234725214283, 0.9200165008937984, 1.0487234725214283, 1.0630242471467206, 0.9676857496447725, 0.8866480267681166, 0.9581518998945776, 0.9962872988953568, 1.0391896227712336, 0.9295503506439933, 1.0344226978961362, 0.8961818765183114, 1.0773250217720127, 0.9295503506439933, 1.0105880735206492, 0.9438511252692854, 1.0201219232708438, 1.1345281202731814, 0.9724526745198698, 0.9343172755190906, 1.0010542237704543, 1.0582573222716232, 1.6350552321584086, 0.9104826511436036, 0.9962872988953568, 0.9581518998945776, 1.0153549983957464, 1.0248888481459413, 0.962918824769675, 0.9915203740202595, 0.9724526745198698, 1.0058211486455517, 0.9533849750194803, 0.9104826511436036, 1.1488288948984735, 0.9247834257688958, 0.9581518998945776, 1.0201219232708438, 1.1440619700233763, 0.9343172755190906, 0.9247834257688958, 0.9343172755190906, 0.9486180501443828, 1.0773250217720127, 0.9819865242700647, 1.0248888481459413, 1.0010542237704543, 1.0296557730210387, 1.1011596461474997, 0.9676857496447725, 1.0630242471467206, 0.9962872988953568, 0.891414951643214, 0.9915203740202595, 1.0439565476463308, 0.962918824769675, 1.0725580968969153, 0.9486180501443828, 1.0963927212724023, 0.9581518998945776, 1.0677911720218178, 1.0582573222716232, 1.0868588715222076, 0.9295503506439933, 0.9200165008937984, 1.0391896227712336, 1.0058211486455517, 0.9915203740202595, 1.0010542237704543, 0.9819865242700647, 0.9533849750194803, 1.0487234725214283, 0.9486180501443828, 0.9676857496447725, 1.1440619700233763, 2.8887564743090253, 1.0058211486455517, 1.1202273456478893, 1.0296557730210387, 1.0105880735206492, 1.0487234725214283, 1.0153549983957464, 0.986753449145162, 0.9104826511436036, 0.9581518998945776, 0.9962872988953568, 0.9915203740202595, 1.0677911720218178, 0.9009488013934088, 1.0773250217720127, 1.0344226978961362, 0.9676857496447725, 1.0105880735206492, 1.0677911720218178, 0.8961818765183114, 0.9343172755190906, 1.2298666177751294, 1.9878076729156162, 1.1392950451482788, 0.9581518998945776, 1.0820919466471102, 0.986753449145162, 1.0201219232708438]
0.874372959137
WC
100
[1.0246305418719213, 0.9365763546798029, 0.9525862068965516, 0.9365763546798029, 1.0086206896551724, 1.0166256157635467, 1.0246305418719213, 0.8485221674876848, 1.0086206896551724, 1.0646551724137931, 1.0166256157635467, 0.9525862068965516, 0.9685960591133006, 1.0246305418719213, 0.8725369458128079, 0.8165024630541873, 0.9846059113300494, 1.0966748768472905, 1.0326354679802956, 1.000615763546798, 1.0326354679802956, 0.9926108374384237, 0.9045566502463054, 14.761083743842365, 0.9445812807881773, 1.0326354679802956, 1.0806650246305418, 0.9125615763546797, 0.832512315270936, 1.0326354679802956, 1.04064039408867, 1.0326354679802956, 1.0246305418719213, 0.9685960591133006, 1.0966748768472905, 0.9445812807881773, 1.1286945812807883, 0.7764778325123153, 0.9205665024630542, 0.9685960591133006, 1.104679802955665, 0.9285714285714285, 0.9605911330049262, 0.9205665024630542, 1.0806650246305418, 0.9365763546798029, 1.0726600985221675, 1.0646551724137931, 1.104679802955665, 0.9445812807881773, 1.0166256157635467, 1.1366995073891626, 0.8645320197044335, 1.0966748768472905, 0.9685960591133006, 1.0086206896551724, 1.0966748768472905, 1.1126847290640396, 0.9525862068965516, 0.9685960591133006, 1.1527093596059115, 0.9045566502463054, 1.04064039408867, 1.0246305418719213, 0.9365763546798029, 0.9926108374384237, 1.0566502463054186, 0.9125615763546797, 0.9926108374384237, 0.9766009852216749, 0.9125615763546797, 1.0086206896551724, 1.0246305418719213, 0.8805418719211823, 0.9846059113300494, 2.0892857142857144, 44.21120689655172, 1.104679802955665, 1.2167487684729064, 1.0326354679802956, 1.0566502463054186, 1.0086206896551724, 1.0086206896551724, 0.9926108374384237, 1.04064039408867, 0.9365763546798029, 0.832512315270936, 1.0566502463054186, 1.144704433497537, 1.04064039408867, 1.1126847290640396, 1.1126847290640396, 0.8405172413793104, 0.9685960591133006, 0.9445812807881773, 0.9285714285714285, 1.0966748768472905, 39.97660098522167, 24.47105911330049, 2.9618226600985222, 1.0166256157635467, 0.9445812807881773, 0.9605911330049262, 0.9685960591133006]
1.36012101173
TR
150
[1.04397858038054, 0.9123846416771106, 1.0352056511336447, 1.1141620143557023, 1.0615244388743306, 0.9343169647943488, 1.0088868633929589, 1.1097755497322548, 0.8597470661957388, 1.0001139341460636, 0.9869545402757207, 1.171186054460522, 1.0045003987695111, 1.0088868633929589, 0.9737951464053778, 0.9299305001709012, 1.0045003987695111, 1.0088868633929589, 1.017659792639854, 1.0001139341460636, 0.8904523185598724, 0.9167711063005582, 0.96940868178193, 0.9869545402757207, 1.1010026204853594, 1.1492537313432836, 0.9518628232881394, 1.017659792639854, 0.9387034294177965, 0.956249287911587, 0.9387034294177965, 0.9913410048991683, 0.9167711063005582, 0.9387034294177965, 0.9737951464053778, 1.0264327218867495, 1.017659792639854, 0.8553606015722912, 1.0746838327446735, 1.030819186510197, 1.0966161558619119, 0.9957274695226158, 0.9825680756522729, 0.9650222171584824, 0.956249287911587, 1.070297368121226, 0.8597470661957388, 1.0220462572633018, 0.9957274695226158, 0.9079981770536629, 1.0001139341460636, 0.9343169647943488, 0.9781816110288254, 1.294007063917056, 1.0132733280164066, 0.9913410048991683, 1.0045003987695111, 0.9387034294177965, 1.0001139341460636, 1.105389085108807, 1.0878432266150164, 0.9474763586646917, 0.9913410048991683, 1.017659792639854, 0.89483878318332, 0.9343169647943488, 0.9650222171584824, 0.9781816110288254, 1.1010026204853594, 0.9518628232881394, 1.0045003987695111, 1.0659109034977783, 1.0088868633929589, 1.0088868633929589, 1.04397858038054, 1.0001139341460636, 1.1097755497322548, 1.017659792639854, 1.0790702973681212, 1.158026660590179, 1.017659792639854, 1.0132733280164066, 0.9211575709240059, 0.9518628232881394, 1.0659109034977783, 1.11854847897915, 1.0878432266150164, 1.017659792639854, 0.956249287911587, 1.04397858038054, 1.017659792639854, 1.0352056511336447, 0.8772929246895295, 1.0527515096274354, 1.158026660590179, 1.0001139341460636, 0.96940868178193, 1.030819186510197, 0.9957274695226158, 0.96940868178193, 0.9036117124302153, 1.0001139341460636, 0.9957274695226158, 1.0132733280164066, 1.0132733280164066, 1.0483650450039876, 0.9825680756522729, 1.0264327218867495, 0.9650222171584824, 0.9518628232881394, 0.9869545402757207, 0.9650222171584824, 1.0132733280164066, 1.0659109034977783, 0.9869545402757207, 0.89483878318332, 1.0220462572633018, 4.368918764953857, 0.8422012077019483, 0.9869545402757207, 0.9606357525350349, 0.9474763586646917, 1.0001139341460636, 1.0746838327446735, 1.0045003987695111, 1.057137974250883, 0.9825680756522729, 1.1010026204853594, 1.0966161558619119, 1.070297368121226, 1.0395921157570924, 0.9167711063005582, 0.9957274695226158, 1.017659792639854, 0.9474763586646917, 0.9913410048991683, 0.9825680756522729, 1.0615244388743306, 1.057137974250883, 1.0088868633929589, 1.0132733280164066, 0.9474763586646917, 1.0395921157570924, 1.030819186510197, 1.017659792639854, 0.9825680756522729, 0.9123846416771106, 1.355417568645323, 2.066024837643842, 0.9650222171584824, 0.9737951464053778, 0.8860658539364247, 0.9606357525350349, 0.9343169647943488]
1.96110606194
WC
150
[0.9252006420545746, 1.2147672552166933, 0.9534510433386838, 0.9746388443017656, 1.0452648475120385, 1.151203852327448, 0.9040128410914928, 1.1158908507223113, 1.0099518459069021, 0.8828250401284109, 1.0876404494382024, 0.981701444622793, 1.0170144462279294, 0.9393258426966292, 1.031139646869984, 1.108828250401284, 1.0028892455858747, 0.9675762439807384, 0.8545746388443017, 0.9958266452648475, 0.9534510433386838, 0.9746388443017656, 0.9534510433386838, 1.0664526484751204, 0.9958266452648475, 0.981701444622793, 1.0735152487961477, 0.9534510433386838, 0.7910112359550562, 0.9605136436597111, 1.0099518459069021, 1.0382022471910113, 1.2006420545746388, 1.130016051364366, 0.9252006420545746, 1.059390048154093, 0.9393258426966292, 1.031139646869984, 1.059390048154093, 1.0523274478330658, 1.059390048154093, 0.9887640449438202, 0.9322632423756019, 0.9463884430176565, 1.130016051364366, 0.981701444622793, 1.0664526484751204, 0.8616372391653291, 0.9110754414125201, 1.0452648475120385, 1.0664526484751204, 1.0028892455858747, 1.0028892455858747, 15.00096308186196, 1.0382022471910113, 0.9675762439807384, 1.0452648475120385, 1.1229534510433388, 0.9958266452648475, 1.0382022471910113, 0.8192616372391652, 1.0664526484751204, 1.0947030497592296, 0.9534510433386838, 0.9746388443017656, 0.9252006420545746, 1.0028892455858747, 0.9534510433386838, 1.1370786516853932, 0.9463884430176565, 0.9675762439807384, 0.9887640449438202, 0.9393258426966292, 0.9393258426966292, 1.0382022471910113, 0.9393258426966292, 1.0735152487961477, 0.9463884430176565, 1.0523274478330658, 1.1229534510433388, 0.981701444622793, 0.9181380417335474, 0.9393258426966292, 0.9605136436597111, 0.981701444622793, 0.9110754414125201, 0.8828250401284109, 0.812199036918138, 0.9675762439807384, 1.2571428571428573, 1.080577849117175, 0.9393258426966292, 1.0523274478330658, 0.9534510433386838, 1.1370786516853932, 0.8969502407704655, 0.981701444622793, 0.9958266452648475, 0.9887640449438202, 0.9181380417335474, 1.1017656500802568, 0.9746388443017656, 1.0523274478330658, 1.1582664526484752, 0.9958266452648475, 1.0170144462279294, 1.0382022471910113, 1.0028892455858747, 0.9746388443017656, 1.0382022471910113, 1.0099518459069021, 0.981701444622793, 1.0170144462279294, 1.1158908507223113, 1.0028892455858747, 1.0382022471910113, 1.991653290529695, 95.07672552166933, 0.981701444622793, 0.812199036918138, 0.9463884430176565, 1.0099518459069021, 0.9534510433386838, 0.8686998394863563, 0.9605136436597111, 0.8969502407704655, 1.0523274478330658, 1.0099518459069021, 1.080577849117175, 0.9958266452648475, 1.1441412520064205, 1.1370786516853932, 1.0099518459069021, 1.0099518459069021, 0.7274478330658106, 0.9393258426966292, 0.7910112359550562, 0.9534510433386838, 1.0170144462279294, 0.8969502407704655, 1.031139646869984, 1.0099518459069021, 1.0452648475120385, 1.0523274478330658, 0.9181380417335474, 1.1017656500802568, 0.9605136436597111, 39.09855537720706, 23.991653290529698, 2.8321027287319422, 0.9887640449438202, 1.031139646869984, 0.9887640449438202, 1.031139646869984]
3.12895202637
TR
500
[1.075365124858981, 1.0065707229319756, 0.9812254169588682, 1.0210537549166083, 1.039157544897399, 1.0500198188858738, 1.05726133487819, 1.1369180107936703, 1.0717443668628228, 1.1115727048205628, 0.9413970790011282, 1.1622633167667775, 0.9595008689819191, 1.0246745129127663, 0.9595008689819191, 0.9305348050126536, 0.9739839009665519, 1.0970896728359303, 0.9703631429703937, 1.039157544897399, 0.9848461749550264, 1.466406988444065, 1.078985882855139, 0.995708448943501, 0.9015687410433881, 1.0138122389242918, 0.9269140470164955, 1.0246745129127663, 1.039157544897399, 0.9920876909473426, 0.9160517730280209, 1.0282952709089246, 0.879844193066439, 1.0282952709089246, 0.9993292069396591, 0.9884669329511845, 1.0246745129127663, 0.9703631429703937, 1.0282952709089246, 1.039157544897399, 1.0029499649358173, 1.0101914809281336, 1.05726133487819, 0.9088102570357045, 1.1224349788090375, 1.1658840747629355, 1.0826066408512975, 0.97760465896271, 1.0608820928743483, 0.9703631429703937, 1.0246745129127663, 0.955880110985761, 0.9920876909473426, 1.0319160289050828, 0.9631216269780772, 1.0463990608897156, 1.0717443668628228, 0.955880110985761, 0.9920876909473426, 0.9848461749550264, 1.0500198188858738, 1.035536786901241, 1.0282952709089246, 0.9232932890203372, 0.9812254169588682, 0.9703631429703937, 1.0174329969204499, 1.05726133487819, 1.039157544897399, 0.9920876909473426, 1.0319160289050828, 0.8870857090587554, 0.97760465896271, 0.8182913071317499, 0.97760465896271, 0.9413970790011282, 0.9993292069396591, 0.9341555630088118, 1.0608820928743483, 1.075365124858981, 1.0029499649358173, 0.9812254169588682, 1.0210537549166083, 0.9450178369972864, 0.9703631429703937, 0.97760465896271, 1.0282952709089246, 0.9595008689819191, 0.9739839009665519, 0.8182913071317499, 1.0862273988474556, 1.0500198188858738, 0.9595008689819191, 0.9450178369972864, 1.0174329969204499, 0.955880110985761, 1.0029499649358173, 1.0065707229319756, 1.05726133487819, 0.9450178369972864, 0.9486385949934445, 0.9631216269780772, 0.9160517730280209, 0.97760465896271, 1.1079519468244048, 1.0319160289050828, 1.0282952709089246, 0.9848461749550264, 0.995708448943501, 1.0210537549166083, 1.0934689148397718, 0.9450178369972864, 1.078985882855139, 1.0065707229319756, 0.9848461749550264, 0.9631216269780772, 1.0282952709089246, 0.9088102570357045, 0.9124310150318626, 1.0282952709089246, 0.9631216269780772, 1.039157544897399, 0.9848461749550264, 1.1007104308320883, 0.7893252431624843, 1.155021800774461, 0.9522593529896026, 0.9160517730280209, 0.9450178369972864, 0.9703631429703937, 1.0970896728359303, 0.9305348050126536, 1.039157544897399, 1.035536786901241, 0.9486385949934445, 1.0826066408512975, 1.1115727048205628, 1.0210537549166083, 0.9341555630088118, 1.0174329969204499, 1.0210537549166083, 1.1369180107936703, 0.9232932890203372, 1.035536786901241, 1.0282952709089246, 1.0174329969204499, 1.0500198188858738, 1.075365124858981, 1.0427783028935573, 1.1007104308320883, 0.9088102570357045, 0.955880110985761, 0.9450178369972864, 0.9631216269780772, 0.9920876909473426, 0.9522593529896026, 0.9413970790011282, 0.9812254169588682, 1.0246745129127663, 1.0862273988474556, 0.97760465896271, 0.9450178369972864, 0.9160517730280209, 1.05726133487819, 1.0174329969204499, 0.8979479830472299, 1.0101914809281336, 0.9486385949934445, 1.0065707229319756, 0.97760465896271, 1.0174329969204499, 1.0898481568436138, 0.9667423849742354, 0.9486385949934445, 1.0029499649358173, 1.0463990608897156, 1.0463990608897156, 0.9631216269780772, 0.9377763210049699, 0.9305348050126536, 0.9522593529896026, 1.078985882855139, 1.1695048327590938, 0.9993292069396591, 0.9848461749550264, 0.97760465896271, 0.97760465896271, 0.9703631429703937, 0.9341555630088118, 0.9124310150318626, 1.0608820928743483, 1.0138122389242918, 1.0427783028935573, 1.118814220812879, 0.97760465896271, 0.9595008689819191, 0.8689819190779645, 0.9848461749550264, 0.9377763210049699, 0.9305348050126536, 0.9739839009665519, 1.0934689148397718, 1.781412934109827, 1.173125590755252, 0.9739839009665519, 0.97760465896271, 0.9269140470164955, 0.8472573711010153, 1.0065707229319756, 1.0282952709089246, 0.9377763210049699, 0.9848461749550264, 0.9015687410433881, 0.995708448943501, 0.97760465896271, 1.0210537549166083, 0.8870857090587554, 0.9486385949934445, 1.0065707229319756, 1.0463990608897156, 0.9848461749550264, 0.9522593529896026, 1.0101914809281336, 1.0536405768820318, 1.1622633167667775, 0.8400158551086989, 0.995708448943501, 0.9051894990395463, 0.9486385949934445, 1.0608820928743483, 0.879844193066439, 1.0319160289050828, 1.1079519468244048, 1.1007104308320883, 0.8689819190779645, 0.9124310150318626, 1.1007104308320883, 0.9595008689819191, 1.039157544897399, 1.0246745129127663, 1.0101914809281336, 1.0210537549166083, 0.9812254169588682, 0.8943272250510718, 1.0427783028935573, 1.0174329969204499, 1.0210537549166083, 0.9341555630088118, 1.0717443668628228, 0.9812254169588682, 1.0500198188858738, 1.035536786901241, 0.9812254169588682, 1.0210537549166083, 1.1224349788090375, 1.0246745129127663, 0.9993292069396591, 0.9595008689819191, 1.035536786901241, 0.9413970790011282, 1.0717443668628228, 0.9486385949934445, 0.8110497911394335, 1.0681236088666646, 1.0319160289050828, 0.9884669329511845, 1.035536786901241, 0.9739839009665519, 0.9413970790011282, 1.0427783028935573, 0.9413970790011282, 1.0970896728359303, 0.8870857090587554, 0.955880110985761, 0.9993292069396591, 1.039157544897399, 1.0065707229319756, 1.05726133487819, 1.0246745129127663, 0.9377763210049699, 0.9884669329511845, 1.0463990608897156, 0.9486385949934445, 0.9305348050126536, 1.0608820928743483, 1.0826066408512975, 1.0138122389242918, 1.0282952709089246, 1.0536405768820318, 1.0174329969204499, 0.9595008689819191, 0.955880110985761, 0.9522593529896026, 1.0282952709089246, 0.9631216269780772, 1.0970896728359303, 1.0174329969204499, 0.955880110985761, 1.0319160289050828, 1.0608820928743483, 1.0427783028935573, 1.0536405768820318, 1.0174329969204499, 0.995708448943501, 1.0319160289050828, 0.9486385949934445, 0.9341555630088118, 1.1115727048205628, 1.0174329969204499, 0.9124310150318626, 1.05726133487819, 0.9993292069396591, 1.1441595267859865, 0.955880110985761, 1.0608820928743483, 0.9631216269780772, 1.0681236088666646, 1.115193462816721, 1.0463990608897156, 1.0210537549166083, 0.9739839009665519, 1.05726133487819, 0.9413970790011282, 0.995708448943501, 0.9088102570357045, 1.0319160289050828, 0.9269140470164955, 1.0138122389242918, 0.9051894990395463, 0.97760465896271, 1.039157544897399, 1.078985882855139, 0.9486385949934445, 0.9920876909473426, 0.9812254169588682, 1.0246745129127663, 1.0319160289050828, 0.9993292069396591, 1.0500198188858738, 0.9884669329511845, 0.9848461749550264, 1.0645028508705063, 0.9051894990395463, 0.9232932890203372, 0.9232932890203372, 1.035536786901241, 0.955880110985761, 1.0608820928743483, 0.9920876909473426, 1.0246745129127663, 1.0898481568436138, 0.97760465896271, 1.0174329969204499, 0.9595008689819191, 0.9920876909473426, 0.8979479830472299, 0.9993292069396591, 1.0717443668628228, 0.9051894990395463, 0.9739839009665519, 1.0029499649358173, 1.0174329969204499, 0.9812254169588682, 0.8762234350702809, 0.9595008689819191, 1.1441595267859865, 1.0463990608897156, 1.0463990608897156, 1.0934689148397718, 1.0282952709089246, 0.995708448943501, 1.0210537549166083, 1.118814220812879, 1.118814220812879, 0.9305348050126536, 1.0101914809281336, 1.0681236088666646, 1.0463990608897156, 0.955880110985761, 0.9812254169588682, 0.9631216269780772, 0.9739839009665519, 1.0138122389242918, 0.8907064670549135, 0.9920876909473426, 0.9884669329511845, 1.0174329969204499, 0.9160517730280209, 0.9341555630088118, 1.0898481568436138, 1.0282952709089246, 1.0029499649358173, 1.0029499649358173, 0.9884669329511845, 1.0645028508705063, 0.955880110985761, 1.0210537549166083, 1.0934689148397718, 1.0210537549166083, 1.0065707229319756, 0.8400158551086989, 0.8726026770741226, 0.9595008689819191, 1.0029499649358173, 1.039157544897399, 1.035536786901241, 1.0319160289050828, 1.0246745129127663, 1.0536405768820318, 0.9993292069396591, 0.97760465896271, 0.9667423849742354, 1.0463990608897156, 0.995708448943501, 1.0463990608897156, 0.9631216269780772, 0.9269140470164955, 0.9812254169588682, 0.9088102570357045, 0.9232932890203372, 1.0463990608897156, 1.0645028508705063, 1.1332972527975118, 0.9269140470164955, 1.035536786901241, 1.0246745129127663, 1.0282952709089246, 0.9739839009665519, 0.9305348050126536, 0.9450178369972864, 1.0319160289050828, 0.9739839009665519, 1.05726133487819, 1.078985882855139, 0.9884669329511845, 0.9993292069396591, 1.0029499649358173, 1.0463990608897156, 0.9848461749550264, 1.0029499649358173, 1.0210537549166083, 0.9377763210049699, 0.9341555630088118, 1.0282952709089246, 0.9993292069396591, 1.1332972527975118, 1.0717443668628228, 11.687806811598621, 2.3498719395066625, 1.1803671067475683, 4.822849650882703, 0.879844193066439, 1.075365124858981, 0.9341555630088118, 1.0210537549166083, 1.0319160289050828, 1.0862273988474556, 1.0463990608897156, 1.0065707229319756, 0.97760465896271, 1.6908939842058726, 0.9884669329511845, 0.9667423849742354, 0.9413970790011282, 0.8907064670549135, 0.97760465896271, 0.8689819190779645, 1.0138122389242918, 1.155021800774461, 0.8870857090587554, 1.039157544897399, 0.9269140470164955, 0.9269140470164955, 0.9884669329511845, 1.035536786901241]
17.2386240959
WC
500
[0.9828901448469688, 0.9828901448469688, 0.9902251459279162, 0.931545137280336, 0.9755551437660213, 1.2176101794372898, 1.0269001513326539, 0.7995151178232804, 1.0195651502517065, 0.931545137280336, 1.114920164304024, 0.9022051329565459, 0.9535501405231785, 1.0342351524136015, 1.1515951697087619, 0.8875351307946509, 1.1442601686278142, 0.9975601470088638, 0.9755551437660213, 0.946215139442231, 0.9828901448469688, 14.824037184594953, 1.1442601686278142, 0.9535501405231785, 0.946215139442231, 0.931545137280336, 1.0195651502517065, 1.1515951697087619, 1.0269001513326539, 1.0782451588992867, 0.8068501189042281, 0.916875135118441, 1.070910157818339, 1.0048951480898112, 0.931545137280336, 0.9902251459279162, 0.9975601470088638, 0.9828901448469688, 0.9975601470088638, 1.1075851632230767, 1.0122301491707588, 1.0855801599802342, 0.9242101361993884, 1.041570153494549, 0.9242101361993884, 0.9388801383612836, 0.9095401340374935, 0.931545137280336, 0.8875351307946509, 0.9828901448469688, 1.041570153494549, 0.9828901448469688, 1.0048951480898112, 1.0122301491707588, 0.9022051329565459, 1.0048951480898112, 1.0782451588992867, 1.0342351524136015, 0.9022051329565459, 1.0122301491707588, 1.0195651502517065, 0.9608851416041261, 0.9388801383612836, 1.041570153494549, 0.9975601470088638, 1.0635751567373914, 0.9242101361993884, 0.8141851199851756, 0.8802001297137033, 1.114920164304024, 1.0782451588992867, 0.9095401340374935, 0.9828901448469688, 0.9975601470088638, 1.1295901664659194, 0.931545137280336, 1.114920164304024, 0.9608851416041261, 1.0195651502517065, 1.0195651502517065, 1.041570153494549, 0.916875135118441, 1.1075851632230767, 1.070910157818339, 0.8288551221470706, 1.114920164304024, 0.9388801383612836, 0.9388801383612836, 1.114920164304024, 1.114920164304024, 0.8948701318755984, 1.1222551653849717, 0.9682201426850737, 0.931545137280336, 0.7995151178232804, 0.8508601253899132, 0.9535501405231785, 0.9828901448469688, 1.0195651502517065, 1.1075851632230767, 1.0048951480898112, 1.0122301491707588, 1.0195651502517065, 0.9828901448469688, 0.9682201426850737, 1.070910157818339, 1.1515951697087619, 0.9608851416041261, 0.8948701318755984, 0.9242101361993884, 0.9022051329565459, 1.0929151610611816, 1.0489051545754964, 0.6894901016090677, 1.041570153494549, 1.180935174032552, 1.0855801599802342, 1.0929151610611816, 0.9902251459279162, 1.1442601686278142, 1.0342351524136015, 1.0635751567373914, 1.0269001513326539, 1.195605176194447, 0.946215139442231, 1.0195651502517065, 1.0855801599802342, 0.931545137280336, 0.9975601470088638, 0.9975601470088638, 1.0635751567373914, 1.0635751567373914, 1.0342351524136015, 1.0489051545754964, 0.946215139442231, 1.0782451588992867, 0.9828901448469688, 0.9755551437660213, 0.8361901232280182, 0.946215139442231, 1.0048951480898112, 0.931545137280336, 0.9535501405231785, 1.041570153494549, 1.1515951697087619, 0.9022051329565459, 0.9535501405231785, 0.9388801383612836, 1.0782451588992867, 0.9682201426850737, 0.8655301275518082, 1.1075851632230767, 0.931545137280336, 1.041570153494549, 0.8288551221470706, 0.9682201426850737, 0.946215139442231, 0.946215139442231, 1.1369251675468668, 1.0635751567373914, 0.8802001297137033, 0.9682201426850737, 1.0635751567373914, 0.946215139442231, 1.0855801599802342, 0.9535501405231785, 0.946215139442231, 0.9608851416041261, 1.056240155656444, 1.0122301491707588, 1.041570153494549, 0.9535501405231785, 1.0635751567373914, 0.9022051329565459, 0.9388801383612836, 0.8948701318755984, 0.9242101361993884, 0.9828901448469688, 0.7995151178232804, 0.946215139442231, 0.9755551437660213, 1.1442601686278142, 1.0489051545754964, 1.1515951697087619, 1.041570153494549, 1.0048951480898112, 0.7848451156613855, 1.1442601686278142, 1.0269001513326539, 0.8288551221470706, 0.9682201426850737, 0.9755551437660213, 1.056240155656444, 1.1222551653849717, 0.9242101361993884, 0.9975601470088638, 0.6821551005281201, 1.041570153494549, 1.070910157818339, 1.1002501621421292, 0.8655301275518082, 1.0269001513326539, 22.63581333580407, 3.601485530745236, 1.1295901664659194, 0.9902251459279162, 0.9022051329565459, 0.916875135118441, 0.9608851416041261, 1.0195651502517065, 0.9828901448469688, 1.0635751567373914, 0.9095401340374935, 0.9682201426850737, 0.9608851416041261, 1.0782451588992867, 0.9535501405231785, 1.056240155656444, 1.1442601686278142, 0.9022051329565459, 0.9535501405231785, 0.9682201426850737, 1.1442601686278142, 0.9755551437660213, 0.8508601253899132, 0.946215139442231, 0.9535501405231785, 1.1002501621421292, 1.3129651934896074, 0.9608851416041261, 0.931545137280336, 1.0635751567373914, 0.9828901448469688, 1.0122301491707588, 0.9755551437660213, 1.0782451588992867, 1.0635751567373914, 1.0048951480898112, 1.0195651502517065, 0.9902251459279162, 0.9975601470088638, 0.9535501405231785, 0.9535501405231785, 1.0048951480898112, 1.0269001513326539, 1.0855801599802342, 0.8948701318755984, 1.041570153494549, 1.114920164304024, 0.9902251459279162, 0.9388801383612836, 0.8581951264708608, 1.0048951480898112, 1.0635751567373914, 0.8875351307946509, 0.9828901448469688, 0.9388801383612836, 0.9902251459279162, 1.0048951480898112, 0.9022051329565459, 1.114920164304024, 1.1075851632230767, 1.1882701751134994, 1.0122301491707588, 0.9975601470088638, 1.070910157818339, 0.9902251459279162, 0.9975601470088638, 0.9975601470088638, 0.8361901232280182, 1.070910157818339, 0.8361901232280182, 1.1589301707897093, 0.8581951264708608, 1.114920164304024, 0.9975601470088638, 1.0929151610611816, 1.1222551653849717, 1.1075851632230767, 0.9095401340374935, 0.9608851416041261, 0.9388801383612836, 0.8581951264708608, 0.9682201426850737, 1.114920164304024, 0.916875135118441, 1.1222551653849717, 0.9535501405231785, 0.916875135118441, 0.9975601470088638, 1.0342351524136015, 1.0195651502517065, 1.166265171870657, 1.180935174032552, 0.9902251459279162, 1.0489051545754964, 0.946215139442231, 0.9902251459279162, 0.9975601470088638, 1.0635751567373914, 1.0122301491707588, 0.9682201426850737, 0.9828901448469688, 1.041570153494549, 0.8948701318755984, 1.1002501621421292, 1.1295901664659194, 0.9242101361993884, 1.180935174032552, 0.916875135118441, 0.9388801383612836, 0.9975601470088638, 1.0195651502517065, 1.070910157818339, 1.0855801599802342, 0.9388801383612836, 0.9902251459279162, 0.916875135118441, 0.9242101361993884, 1.1736001729516046, 0.9095401340374935, 0.9828901448469688, 0.8435251243089656, 1.0929151610611816, 0.9902251459279162, 1.1736001729516046, 1.0342351524136015, 1.1222551653849717, 1.0635751567373914, 0.9242101361993884, 1.0122301491707588, 1.1589301707897093, 1.0048951480898112, 1.0342351524136015, 0.9388801383612836, 0.9608851416041261, 0.821520121066123, 1.0782451588992867, 0.9095401340374935, 0.916875135118441, 1.0342351524136015, 0.9902251459279162, 0.9975601470088638, 1.0855801599802342, 1.041570153494549, 0.8948701318755984, 0.777510114580438, 1.070910157818339, 1.041570153494549, 1.0635751567373914, 0.9755551437660213, 1.0929151610611816, 1.041570153494549, 1.1075851632230767, 0.9388801383612836, 0.931545137280336, 0.946215139442231, 1.0489051545754964, 1.0855801599802342, 1.0122301491707588, 0.7408351091757003, 1.0342351524136015, 1.0048951480898112, 0.9682201426850737, 1.0269001513326539, 0.9535501405231785, 0.9242101361993884, 0.8141851199851756, 1.1295901664659194, 0.9755551437660213, 1.0048951480898112, 1.0195651502517065, 1.0635751567373914, 1.1002501621421292, 1.0122301491707588, 1.041570153494549, 0.916875135118441, 0.9022051329565459, 0.931545137280336, 1.0855801599802342, 1.1222551653849717, 1.0048951480898112, 0.9535501405231785, 1.0342351524136015, 1.1002501621421292, 0.9242101361993884, 1.0195651502517065, 0.8435251243089656, 1.0048951480898112, 1.1442601686278142, 0.9682201426850737, 1.0048951480898112, 1.210275178356342, 0.9755551437660213, 0.9242101361993884, 1.041570153494549, 1.1075851632230767, 1.1515951697087619, 0.9608851416041261, 1.0635751567373914, 0.8802001297137033, 1.1222551653849717, 1.0342351524136015, 0.9022051329565459, 1.0489051545754964, 1.0269001513326539, 0.9022051329565459, 1.0048951480898112, 0.9608851416041261, 1.1222551653849717, 0.8875351307946509, 1.0489051545754964, 1.0489051545754964, 1.1442601686278142, 1.0269001513326539, 1.0048951480898112, 0.9242101361993884, 0.9902251459279162, 0.9975601470088638, 1.041570153494549, 0.9828901448469688, 0.9975601470088638, 0.9902251459279162, 0.9388801383612836, 0.9242101361993884, 1.0342351524136015, 1.0122301491707588, 1.114920164304024, 1.0195651502517065, 0.916875135118441, 1.056240155656444, 1.041570153494549, 1.1075851632230767, 0.8802001297137033, 1.041570153494549, 0.8728651286327558, 0.9975601470088638, 1.0929151610611816, 1.0195651502517065, 1.041570153494549, 1.056240155656444, 0.916875135118441, 1.070910157818339, 0.916875135118441, 1.0048951480898112, 0.9242101361993884, 2.266515334012786, 277.49042589332595, 305.53947002686925, 1.4670002161895057, 105.41130053429693, 0.9022051329565459, 0.9975601470088638, 0.9755551437660213, 1.1515951697087619, 1.114920164304024, 1.0122301491707588, 0.916875135118441, 0.9608851416041261, 1.1515951697087619, 35.684780258809724, 0.916875135118441, 1.6063652367275085, 0.9242101361993884, 0.8361901232280182, 1.041570153494549, 0.946215139442231, 1.0122301491707588, 1.070910157818339, 0.7995151178232804, 0.8508601253899132, 0.916875135118441, 0.9682201426850737, 1.0195651502517065, 0.9682201426850737]
38.9211168289
TR
1000
[1.0054326089854686, 1.0668577522996934, 0.9213771497133716, 1.0054326089854686, 1.0700906545793893, 0.9504732702306359, 1.0765564591387815, 1.0345287295027328, 1.0054326089854686, 1.0118984135448608, 1.0021997067057726, 0.953706172510332, 0.9375416611118518, 1.0571590454606052, 0.9860351953072923, 0.9892680975869884, 1.0668577522996934, 0.9472403679509398, 1.0409945340621252, 0.9892680975869884, 1.0054326089854686, 1.0215971203839487, 1.018364218104253, 1.0215971203839487, 1.0086655112651646, 0.9957339021463805, 1.0991867750966537, 0.9860351953072923, 0.960171977069724, 0.9472403679509398, 0.9763364884682043, 0.9989668044260764, 0.9989668044260764, 1.1088854819357419, 0.960171977069724, 0.8858152246367151, 1.047460338621517, 1.0409945340621252, 1.0345287295027328, 1.0409945340621252, 0.9569390747900279, 1.0636248500199972, 1.037761631782429, 0.9795693907479003, 1.0539261431809093, 0.8922810291961072, 1.0797893614184775, 0.9084455405945874, 0.9504732702306359, 1.047460338621517, 0.9666377816291162, 0.9925009998666844, 1.050693240901213, 0.9860351953072923, 1.0442274363418211, 1.1088854819357419, 0.8825823223570191, 1.0021997067057726, 1.018364218104253, 1.0086655112651646, 0.9925009998666844, 0.9116784428742833, 1.0571590454606052, 0.9375416611118518, 0.9440074656712438, 1.0539261431809093, 0.8987468337554992, 1.0603919477403014, 1.050693240901213, 1.0086655112651646, 1.0636248500199972, 1.018364218104253, 1.0021997067057726, 0.8308558858818824, 0.9795693907479003, 1.0118984135448608, 0.9375416611118518, 0.9698706839088123, 0.9957339021463805, 0.9666377816291162, 1.0054326089854686, 1.11858418877483, 1.0118984135448608, 0.96340487934942, 0.9698706839088123, 1.0668577522996934, 0.8761165177976269, 1.0959538728169578, 1.0409945340621252, 0.9828022930275964, 1.6908078922810292, 0.9019797360351953, 0.9828022930275964, 1.0248300226636449, 1.050693240901213, 1.10241967737635, 1.0862551659778696, 1.0151313158245567, 0.9957339021463805, 0.9925009998666844, 0.9763364884682043, 1.0280629249433408, 0.9828022930275964, 0.9763364884682043, 0.9569390747900279, 0.8922810291961072, 0.960171977069724, 0.9149113451539795, 0.9375416611118518, 1.0862551659778696, 1.0797893614184775, 1.0118984135448608, 0.9828022930275964, 1.0894880682575658, 0.9278429542727636, 0.9925009998666844, 1.0021997067057726, 1.031295827223037, 1.0345287295027328, 0.9763364884682043, 1.0894880682575658, 1.112118384215438, 1.0927209705372616, 1.0830222636981737, 1.10241967737635, 1.0215971203839487, 0.9666377816291162, 0.9472403679509398, 1.0248300226636449, 1.0021997067057726, 0.9925009998666844, 0.9892680975869884, 1.0345287295027328, 1.0991867750966537, 1.0054326089854686, 1.0539261431809093, 0.8825823223570191, 0.9989668044260764, 0.9440074656712438, 1.0539261431809093, 0.9440074656712438, 1.018364218104253, 0.9925009998666844, 0.9763364884682043, 0.9407745633915477, 0.9084455405945874, 1.0086655112651646, 0.9246100519930676, 0.9666377816291162, 0.8631849086788428, 0.9504732702306359, 1.0409945340621252, 1.0151313158245567, 1.0280629249433408, 1.0151313158245567, 0.9407745633915477, 0.9860351953072923, 1.018364218104253, 1.0571590454606052, 0.9472403679509398, 1.0442274363418211, 0.9052126383148913, 1.0345287295027328, 1.0797893614184775, 0.9828022930275964, 1.0248300226636449, 1.0603919477403014, 0.9666377816291162, 0.9149113451539795, 0.9698706839088123, 0.9957339021463805, 0.9957339021463805, 1.0991867750966537, 1.0894880682575658, 0.9795693907479003, 1.0603919477403014, 0.9795693907479003, 0.9666377816291162, 1.11858418877483, 0.9472403679509398, 1.037761631782429, 1.050693240901213, 0.9731035861885082, 0.9019797360351953, 0.9181442474336755, 0.9149113451539795, 0.9569390747900279, 0.9084455405945874, 1.0280629249433408, 1.0054326089854686, 1.037761631782429, 0.9278429542727636, 1.0700906545793893, 1.0054326089854686, 1.047460338621517, 0.9019797360351953, 0.9731035861885082, 0.9763364884682043, 1.0151313158245567, 0.9278429542727636, 1.0894880682575658, 1.0862551659778696, 0.9763364884682043, 0.9698706839088123, 0.9828022930275964, 1.0248300226636449, 0.9116784428742833, 1.0539261431809093, 1.0215971203839487, 1.0442274363418211, 1.0054326089854686, 1.0021997067057726, 0.9795693907479003, 1.0086655112651646, 0.8955139314758033, 1.13474870017331, 0.9892680975869884, 1.0086655112651646, 1.0151313158245567, 0.9472403679509398, 1.0571590454606052, 0.9763364884682043, 1.1250499933342222, 0.9763364884682043, 0.9213771497133716, 0.9213771497133716, 0.9310758565524597, 1.0151313158245567, 1.0215971203839487, 0.9731035861885082, 0.9246100519930676, 1.0215971203839487, 1.0086655112651646, 0.96340487934942, 0.9343087588321557, 0.9892680975869884, 0.9860351953072923, 1.0021997067057726, 1.0248300226636449, 0.9892680975869884, 1.0151313158245567, 0.9860351953072923, 1.0959538728169578, 0.9149113451539795, 0.9116784428742833, 0.9504732702306359, 0.9763364884682043, 0.9763364884682043, 0.953706172510332, 0.9795693907479003, 1.0830222636981737, 1.0927209705372616, 0.9246100519930676, 1.0700906545793893, 1.0054326089854686, 0.9504732702306359, 1.0539261431809093, 1.031295827223037, 1.0021997067057726, 0.9052126383148913, 0.9957339021463805, 0.96340487934942, 0.9149113451539795, 1.0603919477403014, 1.0539261431809093, 0.9666377816291162, 0.9440074656712438, 0.9698706839088123, 0.9698706839088123, 0.9731035861885082, 0.9892680975869884, 0.9989668044260764, 0.9957339021463805, 1.1315157978936143, 1.0797893614184775, 0.9310758565524597, 0.9989668044260764, 1.112118384215438, 1.0442274363418211, 0.8922810291961072, 1.0765564591387815, 0.9084455405945874, 0.9731035861885082, 0.9828022930275964, 1.0118984135448608, 1.0248300226636449, 1.018364218104253, 1.0248300226636449, 0.9731035861885082, 1.0959538728169578, 1.1282828956139181, 0.9698706839088123, 1.0280629249433408, 0.96340487934942, 0.9731035861885082, 0.9763364884682043, 1.0215971203839487, 0.9278429542727636, 1.018364218104253, 0.9472403679509398, 1.0345287295027328, 1.050693240901213, 0.9828022930275964, 1.0086655112651646, 0.9957339021463805, 0.9698706839088123, 0.9440074656712438, 0.96340487934942, 0.9149113451539795, 0.9957339021463805, 1.0280629249433408, 0.9860351953072923, 0.9569390747900279, 0.953706172510332, 1.050693240901213, 0.9989668044260764, 0.9698706839088123, 0.9213771497133716, 0.9795693907479003, 1.037761631782429, 1.0539261431809093, 1.0248300226636449, 1.2414344754032796, 0.9731035861885082, 1.0086655112651646, 0.96340487934942, 0.96340487934942, 0.9957339021463805, 1.0021997067057726, 0.9310758565524597, 0.9569390747900279, 0.9731035861885082, 0.9181442474336755, 0.8761165177976269, 1.0280629249433408, 0.9343087588321557, 0.9052126383148913, 0.953706172510332, 0.9116784428742833, 0.9828022930275964, 1.0215971203839487, 0.9504732702306359, 0.9828022930275964, 1.0830222636981737, 0.9246100519930676, 0.9052126383148913, 0.9666377816291162, 1.1670777229702707, 0.96340487934942, 1.0700906545793893, 0.960171977069724, 1.0248300226636449, 0.9828022930275964, 1.0539261431809093, 1.1056525796560457, 0.9828022930275964, 0.9892680975869884, 0.8987468337554992, 1.0086655112651646, 0.9925009998666844, 1.11858418877483, 0.8825823223570191, 0.8825823223570191, 0.9666377816291162, 1.0021997067057726, 1.037761631782429, 1.10241967737635, 1.0280629249433408, 0.9925009998666844, 1.047460338621517, 1.0636248500199972, 1.0830222636981737, 0.9925009998666844, 1.0959538728169578, 1.0959538728169578, 1.0215971203839487, 0.9666377816291162, 1.0280629249433408, 1.0571590454606052, 0.9278429542727636, 0.9892680975869884, 1.0733235568590855, 1.037761631782429, 0.9731035861885082, 0.9989668044260764, 1.0797893614184775, 0.9698706839088123, 1.0280629249433408, 1.0765564591387815, 0.9569390747900279, 1.031295827223037, 0.9666377816291162, 1.0215971203839487, 1.0603919477403014, 0.960171977069724, 0.9925009998666844, 1.050693240901213, 0.9828022930275964, 0.9407745633915477, 1.0086655112651646, 0.9731035861885082, 1.0021997067057726, 0.9084455405945874, 0.9989668044260764, 1.0571590454606052, 0.9731035861885082, 0.96340487934942, 0.9957339021463805, 1.0700906545793893, 0.9763364884682043, 0.9795693907479003, 1.0927209705372616, 0.9569390747900279, 0.9925009998666844, 1.0700906545793893, 0.9763364884682043, 1.0603919477403014, 0.9278429542727636, 0.9860351953072923, 0.9925009998666844, 0.9892680975869884, 0.9375416611118518, 1.0118984135448608, 0.9763364884682043, 0.9892680975869884, 1.0345287295027328, 1.0603919477403014, 1.018364218104253, 0.9019797360351953, 0.9698706839088123, 0.9989668044260764, 1.0118984135448608, 1.0118984135448608, 0.9795693907479003, 1.0151313158245567, 0.9892680975869884, 1.047460338621517, 0.9407745633915477, 0.9472403679509398, 0.9731035861885082, 0.9860351953072923, 1.1088854819357419, 0.9116784428742833, 1.0054326089854686, 1.0086655112651646, 0.9278429542727636, 0.9116784428742833, 0.9698706839088123, 0.960171977069724, 0.9892680975869884, 1.037761631782429, 1.0700906545793893, 1.0959538728169578, 0.960171977069724, 1.121817091054526, 0.9925009998666844, 0.9213771497133716, 0.9181442474336755, 0.953706172510332, 1.0280629249433408, 1.0345287295027328, 0.9472403679509398, 0.960171977069724, 0.9989668044260764, 0.9731035861885082, 1.0700906545793893, 1.0021997067057726, 1.0668577522996934, 0.9731035861885082, 0.9763364884682043, 1.1476803092920944, 0.9504732702306359, 1.0668577522996934, 1.0248300226636449, 1.0021997067057726, 1.112118384215438, 0.96340487934942, 1.0733235568590855, 1.0151313158245567, 0.9957339021463805, 1.037761631782429, 0.8405545927209704, 1.031295827223037, 0.9052126383148913, 1.0797893614184775, 0.9892680975869884, 0.9504732702306359, 1.0539261431809093, 0.96340487934942, 0.9795693907479003, 0.9828022930275964, 0.9472403679509398, 1.0215971203839487, 0.9440074656712438, 1.0668577522996934, 1.0118984135448608, 0.9504732702306359, 0.96340487934942, 1.0215971203839487, 1.0345287295027328, 0.9731035861885082, 0.960171977069724, 1.0603919477403014, 1.0636248500199972, 0.9019797360351953, 1.0830222636981737, 0.9407745633915477, 1.0927209705372616, 1.0733235568590855, 0.9213771497133716, 1.10241967737635, 0.8340887881615784, 0.9731035861885082, 1.031295827223037, 0.9343087588321557, 0.9246100519930676, 0.96340487934942, 0.8987468337554992, 0.9925009998666844, 1.0409945340621252, 0.96340487934942, 1.0215971203839487, 0.96340487934942, 0.9892680975869884, 1.0603919477403014, 0.9957339021463805, 1.0442274363418211, 0.9828022930275964, 1.8265897880282629, 1.8492201039861351, 1.115351286495134, 1.031295827223037, 1.0571590454606052, 1.0280629249433408, 1.0054326089854686, 1.0345287295027328, 0.9795693907479003, 1.0636248500199972, 1.0118984135448608, 1.0345287295027328, 1.0086655112651646, 1.0151313158245567, 0.9278429542727636, 0.9246100519930676, 0.9375416611118518, 0.9698706839088123, 0.9181442474336755, 1.0409945340621252, 0.9892680975869884, 0.9731035861885082, 0.9860351953072923, 1.0571590454606052, 1.031295827223037, 1.0409945340621252, 0.9828022930275964, 0.9278429542727636, 1.1282828956139181, 1.047460338621517, 1.0603919477403014, 1.0668577522996934, 0.9828022930275964, 1.0733235568590855, 0.8858152246367151, 1.0636248500199972, 0.9828022930275964, 0.8890481269164112, 1.0248300226636449, 0.953706172510332, 0.9019797360351953, 0.9795693907479003, 1.1088854819357419, 0.9181442474336755, 1.0215971203839487, 1.0021997067057726, 0.8922810291961072, 0.9828022930275964, 0.9666377816291162, 1.0603919477403014, 1.031295827223037, 0.9989668044260764, 1.13474870017331, 0.9504732702306359, 1.1832422343687508, 1.0021997067057726, 1.0086655112651646, 0.953706172510332, 1.0797893614184775, 0.9019797360351953, 1.018364218104253, 1.0248300226636449, 0.9795693907479003, 0.9989668044260764, 1.0830222636981737, 0.9828022930275964, 1.0215971203839487, 1.10241967737635, 1.0830222636981737, 1.037761631782429, 0.9375416611118518, 1.0248300226636449, 0.9925009998666844, 1.031295827223037, 0.9698706839088123, 1.0668577522996934, 1.0021997067057726, 1.0151313158245567, 1.0118984135448608, 1.0021997067057726, 0.9795693907479003, 1.10241967737635, 1.0345287295027328, 1.047460338621517, 1.0700906545793893, 0.8631849086788428, 1.0151313158245567, 0.9925009998666844, 1.037761631782429, 1.0442274363418211, 0.9343087588321557, 1.0539261431809093, 1.047460338621517, 1.0086655112651646, 1.0280629249433408, 1.0086655112651646, 0.9989668044260764, 0.9310758565524597, 1.0539261431809093, 1.0959538728169578, 1.1412145047327023, 0.960171977069724, 0.960171977069724, 1.0118984135448608, 0.9181442474336755, 0.9957339021463805, 1.0021997067057726, 0.9472403679509398, 1.037761631782429, 1.0215971203839487, 0.9892680975869884, 1.1606119184108785, 0.9989668044260764, 0.9763364884682043, 1.0086655112651646, 1.0021997067057726, 1.0571590454606052, 0.96340487934942, 1.0280629249433408, 1.0151313158245567, 1.0021997067057726, 0.960171977069724, 1.11858418877483, 0.9698706839088123, 0.9440074656712438, 0.9407745633915477, 1.0086655112651646, 0.9828022930275964, 1.0700906545793893, 1.018364218104253, 1.0539261431809093, 1.0539261431809093, 1.031295827223037, 0.9860351953072923, 1.0021997067057726, 0.9698706839088123, 0.8987468337554992, 1.0603919477403014, 0.9084455405945874, 1.018364218104253, 0.9472403679509398, 0.9957339021463805, 1.0086655112651646, 1.0151313158245567, 0.9698706839088123, 0.9116784428742833, 1.0280629249433408, 0.960171977069724, 0.8922810291961072, 0.9731035861885082, 1.0668577522996934, 1.0345287295027328, 0.9343087588321557, 0.9472403679509398, 0.9440074656712438, 0.960171977069724, 1.1056525796560457, 0.8825823223570191, 0.9407745633915477, 0.9731035861885082, 1.018364218104253, 0.9472403679509398, 0.9731035861885082, 1.1088854819357419, 1.0021997067057726, 0.9860351953072923, 1.0636248500199972, 0.9407745633915477, 1.0409945340621252, 0.9116784428742833, 0.96340487934942, 1.0054326089854686, 1.11858418877483, 1.037761631782429, 1.0054326089854686, 1.0927209705372616, 0.9957339021463805, 0.9795693907479003, 0.9957339021463805, 1.0765564591387815, 0.96340487934942, 1.0248300226636449, 1.0248300226636449, 0.9019797360351953, 1.0603919477403014, 0.9569390747900279, 1.0151313158245567, 1.0054326089854686, 1.047460338621517, 1.0215971203839487, 0.9731035861885082, 0.9892680975869884, 1.0021997067057726, 1.0086655112651646, 0.8890481269164112, 1.0021997067057726, 1.0054326089854686, 1.0118984135448608, 1.018364218104253, 0.9795693907479003, 1.10241967737635, 0.9860351953072923, 0.9019797360351953, 0.9698706839088123, 1.018364218104253, 0.9375416611118518, 0.960171977069724, 0.9957339021463805, 1.1250499933342222, 0.9407745633915477, 0.9698706839088123, 0.9343087588321557, 1.0086655112651646, 0.9989668044260764, 1.1606119184108785, 0.9957339021463805, 0.9440074656712438, 0.9892680975869884, 1.0215971203839487, 1.031295827223037, 1.047460338621517, 1.047460338621517, 1.047460338621517, 0.9472403679509398, 0.9698706839088123, 0.9860351953072923, 0.9892680975869884, 0.9084455405945874, 1.1412145047327023, 1.0248300226636449, 0.9989668044260764, 0.9569390747900279, 0.9504732702306359, 1.0636248500199972, 1.0280629249433408, 1.031295827223037, 0.9472403679509398, 1.0603919477403014, 1.0345287295027328, 0.9246100519930676, 1.0215971203839487, 0.9666377816291162, 1.0668577522996934, 1.0086655112651646, 1.018364218104253, 0.960171977069724, 0.960171977069724, 1.0345287295027328, 1.0118984135448608, 1.0539261431809093, 1.0733235568590855, 1.0442274363418211, 1.0054326089854686, 1.0409945340621252, 1.0959538728169578, 1.018364218104253, 1.0636248500199972, 1.0765564591387815, 1.0021997067057726, 1.0733235568590855, 1.0054326089854686, 1.0118984135448608, 1.037761631782429, 0.9149113451539795, 0.960171977069724, 0.9084455405945874, 0.9925009998666844, 0.960171977069724, 0.96340487934942, 0.9569390747900279, 0.9019797360351953, 0.9925009998666844, 0.9925009998666844, 0.953706172510332, 0.953706172510332, 1.0700906545793893, 1.0151313158245567, 0.9925009998666844, 0.9375416611118518, 1.0151313158245567, 0.9989668044260764, 1.0215971203839487, 0.9569390747900279, 1.0668577522996934, 1.0280629249433408, 0.9407745633915477, 1.1088854819357419, 0.9407745633915477, 1.0118984135448608, 1.0021997067057726, 1.0571590454606052, 1.047460338621517, 1.031295827223037, 1.0539261431809093, 1.0733235568590855, 1.1412145047327023, 0.9407745633915477, 1.0442274363418211, 1.031295827223037, 1.0054326089854686, 1.018364218104253, 1.0830222636981737, 0.9763364884682043, 1.0571590454606052, 1.0215971203839487, 0.9795693907479003, 0.9472403679509398, 1.047460338621517, 0.8890481269164112, 1.196173843487535, 0.9892680975869884, 0.9763364884682043, 0.9504732702306359, 0.9278429542727636, 1.031295827223037, 0.9375416611118518, 0.9569390747900279, 0.9440074656712438, 0.8987468337554992, 1.0765564591387815, 1.0021997067057726, 0.9666377816291162, 0.8728836155179309, 0.9795693907479003, 0.9181442474336755, 0.9246100519930676, 0.9116784428742833, 1.0280629249433408, 1.0086655112651646, 0.9246100519930676, 1.0118984135448608, 1.0345287295027328, 1.0765564591387815, 0.9084455405945874, 0.9892680975869884, 0.9892680975869884, 0.9569390747900279, 1.0021997067057726, 0.9472403679509398, 1.047460338621517, 1.0054326089854686, 1.0118984135448608, 1.0215971203839487, 1.0118984135448608, 1.0021997067057726, 1.047460338621517, 1.0151313158245567, 1.0636248500199972, 0.9569390747900279, 1.0054326089854686, 1.0021997067057726, 1.0668577522996934, 1.0054326089854686, 1.050693240901213, 1.0700906545793893, 0.953706172510332, 1.0248300226636449, 1.0215971203839487, 0.9666377816291162, 0.9731035861885082, 1.0086655112651646, 1.0409945340621252, 1.0248300226636449, 0.96340487934942, 1.0539261431809093, 12.792594320757233, 2.783528862818291, 1.0733235568590855, 22.591521130515932, 3.255532595653913, 0.9472403679509398, 0.9828022930275964, 0.9504732702306359, 0.9181442474336755, 1.0215971203839487, 1.0280629249433408, 0.9763364884682043, 1.192940941207839, 0.9989668044260764, 0.9828022930275964, 0.9181442474336755, 0.8955139314758033, 0.9795693907479003, 1.0442274363418211, 0.9957339021463805, 1.047460338621517, 0.9569390747900279, 1.0086655112651646, 0.9989668044260764, 0.9763364884682043, 0.9084455405945874, 1.0700906545793893, 0.9828022930275964, 1.0345287295027328, 1.2446673776829755, 1.0118984135448608, 0.9698706839088123, 0.953706172510332, 0.9181442474336755, 0.9246100519930676, 1.0409945340621252, 0.9731035861885082, 0.9925009998666844, 0.960171977069724, 0.9763364884682043, 0.9310758565524597, 0.9763364884682043, 0.9278429542727636, 1.0959538728169578, 0.9310758565524597, 0.953706172510332, 1.0086655112651646, 1.0927209705372616, 1.0571590454606052, 1.0894880682575658, 0.9343087588321557, 1.0927209705372616, 1.0409945340621252, 0.9569390747900279, 0.9795693907479003, 1.047460338621517, 0.9892680975869884, 1.0118984135448608, 0.9019797360351953, 0.9310758565524597, 1.0118984135448608, 0.960171977069724, 1.0927209705372616, 0.960171977069724, 0.9860351953072923, 1.0442274363418211, 0.9343087588321557, 0.9472403679509398, 0.9989668044260764, 0.9860351953072923, 0.960171977069724, 0.9019797360351953, 0.953706172510332, 0.8955139314758033, 1.0280629249433408, 0.9731035861885082, 0.9698706839088123]
75.720664978
WC
1000
[0.9276432471281023, 0.9951082105556007, 0.9220211668424775, 1.062573173983099, 1.0007302908412254, 0.9613757288418514, 1.011974451412475, 1.0288406922693498, 0.9276432471281023, 1.101927735982473, 1.0738173345543487, 0.8489341231293542, 1.023218611983725, 1.0175965316981002, 1.0007302908412254, 1.0007302908412254, 1.011974451412475, 0.9276432471281023, 0.9501315682706016, 0.9894861302699758, 0.9501315682706016, 1.0513290134118494, 1.0513290134118494, 0.9669978091274763, 0.8939107654143531, 1.0738173345543487, 1.0288406922693498, 0.9951082105556007, 0.9163990865568525, 1.011974451412475, 0.9894861302699758, 1.023218611983725, 0.983864049984351, 1.0906835754112234, 1.011974451412475, 0.9894861302699758, 0.9894861302699758, 0.9107770062712277, 0.8376899625581046, 0.983864049984351, 1.062573173983099, 1.023218611983725, 0.978241969698726, 1.0400848528405995, 0.9669978091274763, 0.8939107654143531, 0.8882886851287283, 1.056951093697474, 0.9501315682706016, 1.107549816268098, 0.9388874076993521, 0.9332653274137271, 1.0063523711268505, 1.1581485388387216, 0.9107770062712277, 0.9163990865568525, 0.9445094879849769, 1.0906835754112234, 0.9669978091274763, 1.0850614951255984, 1.011974451412475, 0.9951082105556007, 1.011974451412475, 1.0344627725549747, 0.9951082105556007, 0.815201641415605, 0.983864049984351, 1.0007302908412254, 1.062573173983099, 0.8882886851287283, 1.0457069331262243, 0.9332653274137271, 0.9107770062712277, 1.0007302908412254, 1.011974451412475, 0.9613757288418514, 1.0513290134118494, 0.8826666048431033, 1.0681952542687239, 1.062573173983099, 1.0850614951255984, 0.9894861302699758, 1.0906835754112234, 0.9557536485562266, 0.9445094879849769, 1.0400848528405995, 1.0344627725549747, 0.8995328456999779, 0.9051549259856028, 1.056951093697474, 14.876024435763386, 1.062573173983099, 0.9613757288418514, 0.9501315682706016, 0.9276432471281023, 0.9613757288418514, 0.8882886851287283, 1.0794394148399737, 0.8714224442718537, 1.2199914219805952, 1.1581485388387216, 1.0175965316981002, 1.0063523711268505, 0.9726198894131013, 1.056951093697474, 0.9163990865568525, 1.0288406922693498, 0.9726198894131013, 0.9163990865568525, 1.0457069331262243, 0.9220211668424775, 1.0063523711268505, 0.9613757288418514, 1.023218611983725, 0.9557536485562266, 1.096305655696848, 0.9557536485562266, 0.9332653274137271, 0.8939107654143531, 0.978241969698726, 1.062573173983099, 0.9388874076993521, 1.1356602176962223, 0.9163990865568525, 0.9332653274137271, 0.9276432471281023, 1.0344627725549747, 1.056951093697474, 1.062573173983099, 1.011974451412475, 0.9726198894131013, 0.983864049984351, 0.9276432471281023, 0.9726198894131013, 0.9613757288418514, 1.0850614951255984, 1.0681952542687239, 0.9557536485562266, 1.023218611983725, 1.1131718965537227, 0.9726198894131013, 1.0738173345543487, 1.0288406922693498, 0.9669978091274763, 1.0007302908412254, 0.9276432471281023, 0.9894861302699758, 1.0344627725549747, 0.9220211668424775, 1.101927735982473, 1.0681952542687239, 1.096305655696848, 0.775847079416231, 0.983864049984351, 1.011974451412475, 1.107549816268098, 1.0063523711268505, 1.0288406922693498, 0.9557536485562266, 0.9669978091274763, 1.0175965316981002, 0.9557536485562266, 1.0457069331262243, 0.9220211668424775, 0.9951082105556007, 0.9726198894131013, 1.0344627725549747, 1.062573173983099, 1.011974451412475, 0.9669978091274763, 1.056951093697474, 0.9894861302699758, 0.9613757288418514, 0.9951082105556007, 1.0906835754112234, 1.0457069331262243, 0.9332653274137271, 0.8995328456999779, 1.1356602176962223, 1.1131718965537227, 0.9951082105556007, 1.023218611983725, 1.0288406922693498, 1.011974451412475, 0.9951082105556007, 1.0288406922693498, 1.0288406922693498, 1.0344627725549747, 0.8826666048431033, 0.9613757288418514, 1.096305655696848, 1.0400848528405995, 0.9669978091274763, 1.056951093697474, 0.9220211668424775, 1.056951093697474, 1.1581485388387216, 1.0007302908412254, 1.0063523711268505, 1.023218611983725, 1.0344627725549747, 1.0738173345543487, 0.9445094879849769, 1.0175965316981002, 1.3605434291212166, 0.8882886851287283, 1.0175965316981002, 0.978241969698726, 0.983864049984351, 1.062573173983099, 1.0175965316981002, 0.9388874076993521, 1.0400848528405995, 1.0457069331262243, 1.0738173345543487, 0.9669978091274763, 0.8882886851287283, 1.1131718965537227, 0.9107770062712277, 1.1356602176962223, 1.023218611983725, 1.0007302908412254, 0.9388874076993521, 0.9669978091274763, 0.9613757288418514, 0.9613757288418514, 0.9951082105556007, 1.0344627725549747, 1.0400848528405995, 1.0457069331262243, 1.0681952542687239, 1.0175965316981002, 1.101927735982473, 0.9669978091274763, 0.8208237217012299, 1.0288406922693498, 0.9445094879849769, 0.9613757288418514, 1.011974451412475, 0.8770445245574785, 1.011974451412475, 1.0007302908412254, 0.9726198894131013, 1.0007302908412254, 0.9501315682706016, 1.056951093697474, 1.0681952542687239, 0.9388874076993521, 1.0288406922693498, 1.1244160571249726, 1.0288406922693498, 0.9951082105556007, 0.9332653274137271, 1.101927735982473, 0.9951082105556007, 1.0457069331262243, 0.9951082105556007, 0.983864049984351, 0.9163990865568525, 0.9445094879849769, 1.062573173983099, 1.0906835754112234, 1.0513290134118494, 1.0681952542687239, 1.0457069331262243, 1.0457069331262243, 0.9501315682706016, 0.9613757288418514, 1.023218611983725, 0.8489341231293542, 0.9557536485562266, 0.9951082105556007, 1.1412822979818469, 1.1187939768393476, 0.9669978091274763, 1.0906835754112234, 0.9220211668424775, 0.9445094879849769, 1.0063523711268505, 0.9501315682706016, 1.023218611983725, 0.9332653274137271, 1.0063523711268505, 1.0344627725549747, 1.011974451412475, 0.9445094879849769, 1.0513290134118494, 0.9388874076993521, 1.0344627725549747, 0.8995328456999779, 1.1356602176962223, 0.9951082105556007, 1.056951093697474, 1.0794394148399737, 0.9894861302699758, 0.978241969698726, 0.9220211668424775, 1.0175965316981002, 1.0738173345543487, 0.8995328456999779, 0.8995328456999779, 0.9445094879849769, 0.9445094879849769, 1.1131718965537227, 0.9051549259856028, 0.983864049984351, 1.0400848528405995, 0.9332653274137271, 1.1581485388387216, 1.0175965316981002, 0.8714224442718537, 0.8601782837006039, 0.9951082105556007, 0.983864049984351, 1.0007302908412254, 1.011974451412475, 1.011974451412475, 0.8208237217012299, 0.983864049984351, 1.056951093697474, 0.9276432471281023, 0.9894861302699758, 1.0794394148399737, 1.062573173983099, 1.0513290134118494, 0.9051549259856028, 1.023218611983725, 1.096305655696848, 1.0681952542687239, 1.0794394148399737, 0.978241969698726, 0.9557536485562266, 1.0400848528405995, 1.0344627725549747, 0.9613757288418514, 1.062573173983099, 0.9220211668424775, 0.9613757288418514, 0.983864049984351, 0.978241969698726, 1.1131718965537227, 1.0400848528405995, 1.0344627725549747, 1.0400848528405995, 0.8995328456999779, 0.8714224442718537, 0.9051549259856028, 0.8882886851287283, 0.9894861302699758, 1.062573173983099, 0.9951082105556007, 1.056951093697474, 0.8658003639862288, 1.0288406922693498, 1.0513290134118494, 1.0457069331262243, 1.062573173983099, 1.0400848528405995, 0.978241969698726, 0.8770445245574785, 0.8939107654143531, 1.0288406922693498, 1.0063523711268505, 1.0007302908412254, 1.0344627725549747, 1.0738173345543487, 0.9388874076993521, 0.983864049984351, 1.0344627725549747, 1.056951093697474, 1.062573173983099, 0.9276432471281023, 1.011974451412475, 0.9051549259856028, 0.9501315682706016, 1.0457069331262243, 0.9107770062712277, 0.9726198894131013, 1.0738173345543487, 1.0738173345543487, 0.7814691597018558, 0.8939107654143531, 0.983864049984351, 0.9613757288418514, 0.8264458019868548, 1.0288406922693498, 1.0063523711268505, 1.062573173983099, 0.9669978091274763, 0.978241969698726, 1.0007302908412254, 0.9220211668424775, 1.0513290134118494, 0.9557536485562266, 0.9669978091274763, 1.0400848528405995, 1.0400848528405995, 1.1693926994099713, 0.9051549259856028, 1.0288406922693498, 1.1356602176962223, 1.101927735982473, 1.0007302908412254, 1.1356602176962223, 0.9951082105556007, 1.0007302908412254, 1.0007302908412254, 1.1300381374105972, 1.107549816268098, 1.0175965316981002, 1.0007302908412254, 1.0007302908412254, 1.1244160571249726, 1.056951093697474, 0.9107770062712277, 1.023218611983725, 0.8826666048431033, 0.8939107654143531, 0.8489341231293542, 0.9332653274137271, 1.023218611983725, 1.062573173983099, 0.978241969698726, 0.9669978091274763, 0.983864049984351, 0.9501315682706016, 1.0513290134118494, 1.0175965316981002, 0.9951082105556007, 1.0063523711268505, 1.0063523711268505, 0.9951082105556007, 1.1581485388387216, 0.9107770062712277, 0.9220211668424775, 1.023218611983725, 1.0400848528405995, 1.107549816268098, 1.0288406922693498, 1.0288406922693498, 1.0513290134118494, 0.9557536485562266, 1.056951093697474, 0.9501315682706016, 1.0513290134118494, 1.0906835754112234, 0.9501315682706016, 1.023218611983725, 1.146904378267472, 1.101927735982473, 0.8826666048431033, 0.9445094879849769, 1.0175965316981002, 0.9951082105556007, 0.9726198894131013, 0.9276432471281023, 1.0007302908412254, 1.011974451412475, 0.9894861302699758, 1.0288406922693498, 0.9613757288418514, 0.9107770062712277, 0.983864049984351, 0.9894861302699758, 1.0850614951255984, 0.9501315682706016, 0.978241969698726, 0.8882886851287283, 1.0457069331262243, 0.9669978091274763, 0.9726198894131013, 1.0400848528405995, 0.9220211668424775, 0.9726198894131013, 0.9220211668424775, 1.0175965316981002, 1.0007302908412254, 0.9726198894131013, 1.0794394148399737, 1.0850614951255984, 1.0063523711268505, 0.9726198894131013, 1.2312355825518448, 1.062573173983099, 0.8995328456999779, 0.8320678822724796, 0.9388874076993521, 1.1300381374105972, 1.1244160571249726, 1.1244160571249726, 1.1525264585530968, 0.9276432471281023, 1.062573173983099, 1.0007302908412254, 1.056951093697474, 1.101927735982473, 0.9388874076993521, 1.1356602176962223, 1.0175965316981002, 0.9613757288418514, 1.0063523711268505, 1.0681952542687239, 1.0513290134118494, 0.9220211668424775, 0.9669978091274763, 0.9557536485562266, 0.9051549259856028, 0.9051549259856028, 1.096305655696848, 1.0850614951255984, 0.9894861302699758, 0.9669978091274763, 1.056951093697474, 1.011974451412475, 0.9613757288418514, 1.0175965316981002, 0.983864049984351, 1.0906835754112234, 1.0457069331262243, 1.062573173983099, 0.9894861302699758, 1.0513290134118494, 1.0681952542687239, 0.9501315682706016, 0.9669978091274763, 1.062573173983099, 0.8601782837006039, 0.9557536485562266, 36.104999594282866, 22.403989938215076, 3.3901144122317923, 0.9220211668424775, 0.8714224442718537, 0.9951082105556007, 0.8658003639862288, 0.9669978091274763, 0.8601782837006039, 1.0175965316981002, 0.9051549259856028, 1.0288406922693498, 1.011974451412475, 0.9051549259856028, 0.8826666048431033, 0.9501315682706016, 1.107549816268098, 1.1131718965537227, 0.9894861302699758, 1.1581485388387216, 1.0288406922693498, 0.9726198894131013, 0.9894861302699758, 0.9726198894131013, 0.9445094879849769, 0.983864049984351, 1.0681952542687239, 1.0007302908412254, 1.0063523711268505, 0.9669978091274763, 1.0906835754112234, 1.0738173345543487, 1.1525264585530968, 0.8826666048431033, 0.978241969698726, 1.062573173983099, 0.9894861302699758, 0.978241969698726, 1.0175965316981002, 1.0738173345543487, 0.9445094879849769, 1.0400848528405995, 0.978241969698726, 0.9332653274137271, 1.0063523711268505, 1.0063523711268505, 0.9951082105556007, 1.0288406922693498, 1.1187939768393476, 1.0794394148399737, 1.0063523711268505, 0.9332653274137271, 1.062573173983099, 1.0063523711268505, 1.0063523711268505, 0.9276432471281023, 1.0513290134118494, 0.9894861302699758, 1.0007302908412254, 0.9445094879849769, 0.9276432471281023, 1.101927735982473, 1.1412822979818469, 0.9051549259856028, 0.9107770062712277, 0.978241969698726, 1.023218611983725, 1.0738173345543487, 0.983864049984351, 1.1693926994099713, 0.9669978091274763, 0.9501315682706016, 1.0063523711268505, 1.0288406922693498, 1.023218611983725, 1.023218611983725, 1.0288406922693498, 0.9220211668424775, 0.9501315682706016, 0.9388874076993521, 0.9894861302699758, 0.8320678822724796, 1.0175965316981002, 0.9445094879849769, 1.0344627725549747, 0.9726198894131013, 1.0794394148399737, 1.0063523711268505, 1.0063523711268505, 1.056951093697474, 0.8770445245574785, 1.023218611983725, 0.8939107654143531, 0.978241969698726, 0.983864049984351, 0.9107770062712277, 1.2312355825518448, 0.9332653274137271, 0.9501315682706016, 1.0400848528405995, 1.1581485388387216, 1.011974451412475, 0.9894861302699758, 0.9613757288418514, 1.0794394148399737, 1.062573173983099, 1.096305655696848, 1.056951093697474, 0.9163990865568525, 1.0513290134118494, 1.0007302908412254, 1.011974451412475, 0.9726198894131013, 1.0063523711268505, 0.9501315682706016, 0.9501315682706016, 0.9557536485562266, 1.0007302908412254, 0.983864049984351, 1.0175965316981002, 1.0906835754112234, 1.0063523711268505, 1.011974451412475, 1.1131718965537227, 0.8545562034149791, 0.9276432471281023, 1.056951093697474, 1.0175965316981002, 0.9726198894131013, 0.8095795611299801, 1.0681952542687239, 0.978241969698726, 0.983864049984351, 1.0681952542687239, 0.978241969698726, 0.9669978091274763, 1.0288406922693498, 0.9726198894131013, 0.8882886851287283, 1.0400848528405995, 1.023218611983725, 1.0738173345543487, 0.9388874076993521, 0.9107770062712277, 1.062573173983099, 1.0288406922693498, 1.0738173345543487, 1.101927735982473, 0.9726198894131013, 0.8489341231293542, 1.011974451412475, 1.0850614951255984, 0.8826666048431033, 0.8882886851287283, 1.011974451412475, 0.9445094879849769, 0.9894861302699758, 0.9557536485562266, 1.101927735982473, 0.9388874076993521, 1.062573173983099, 0.9726198894131013, 0.9951082105556007, 0.9726198894131013, 1.1244160571249726, 1.1356602176962223, 1.0794394148399737, 1.0344627725549747, 1.0007302908412254, 0.9388874076993521, 1.1356602176962223, 1.0513290134118494, 1.1131718965537227, 0.9726198894131013, 0.8995328456999779, 1.0175965316981002, 0.978241969698726, 0.8376899625581046, 0.9726198894131013, 1.0007302908412254, 1.0063523711268505, 1.023218611983725, 1.0063523711268505, 0.9726198894131013, 0.9445094879849769, 1.107549816268098, 0.8939107654143531, 0.9894861302699758, 1.2087472614093455, 0.9726198894131013, 1.011974451412475, 1.023218611983725, 0.9894861302699758, 1.0400848528405995, 1.011974451412475, 1.1131718965537227, 1.0063523711268505, 0.9557536485562266, 1.0400848528405995, 0.983864049984351, 0.815201641415605, 0.9726198894131013, 0.9557536485562266, 1.1693926994099713, 1.0400848528405995, 0.9276432471281023, 0.8320678822724796, 1.062573173983099, 1.0344627725549747, 0.978241969698726, 0.978241969698726, 1.0681952542687239, 0.978241969698726, 0.9163990865568525, 1.0288406922693498, 0.9276432471281023, 0.9445094879849769, 0.8658003639862288, 1.062573173983099, 0.983864049984351, 0.9445094879849769, 0.9276432471281023, 1.0175965316981002, 0.9501315682706016, 1.011974451412475, 0.9669978091274763, 0.8601782837006039, 1.056951093697474, 0.9276432471281023, 1.056951093697474, 0.9726198894131013, 0.9445094879849769, 0.8995328456999779, 1.0513290134118494, 1.011974451412475, 1.0344627725549747, 0.9726198894131013, 1.0063523711268505, 1.011974451412475, 0.9445094879849769, 0.9951082105556007, 0.9669978091274763, 0.8714224442718537, 0.9163990865568525, 1.0513290134118494, 0.9163990865568525, 0.9276432471281023, 0.8882886851287283, 0.9051549259856028, 0.9445094879849769, 1.0681952542687239, 0.9894861302699758, 0.9557536485562266, 0.983864049984351, 1.023218611983725, 1.011974451412475, 1.0063523711268505, 0.9220211668424775, 0.9332653274137271, 1.101927735982473, 1.0794394148399737, 0.9613757288418514, 0.8714224442718537, 0.9951082105556007, 0.9220211668424775, 0.9613757288418514, 1.0681952542687239, 0.8770445245574785, 0.9051549259856028, 1.1187939768393476, 0.9501315682706016, 0.9163990865568525, 1.1412822979818469, 1.0457069331262243, 1.0007302908412254, 1.0794394148399737, 0.9894861302699758, 0.9388874076993521, 1.0906835754112234, 0.978241969698726, 0.983864049984351, 1.0681952542687239, 1.0738173345543487, 0.9669978091274763, 1.0063523711268505, 1.056951093697474, 0.9557536485562266, 0.9613757288418514, 0.8882886851287283, 0.9107770062712277, 0.7646029188449813, 1.0175965316981002, 0.9220211668424775, 1.011974451412475, 0.9332653274137271, 1.1244160571249726, 1.186258940266846, 0.9894861302699758, 0.9332653274137271, 0.9951082105556007, 1.0457069331262243, 1.0007302908412254, 0.9669978091274763, 1.0007302908412254, 0.9894861302699758, 1.0400848528405995, 1.056951093697474, 1.1525264585530968, 1.096305655696848, 0.9894861302699758, 1.1693926994099713, 1.062573173983099, 0.9613757288418514, 0.9894861302699758, 0.9163990865568525, 1.0344627725549747, 0.9557536485562266, 1.011974451412475, 0.9894861302699758, 0.983864049984351, 0.9501315682706016, 0.9501315682706016, 1.0794394148399737, 0.9669978091274763, 1.0063523711268505, 0.9613757288418514, 1.0681952542687239, 0.9669978091274763, 1.0457069331262243, 0.9220211668424775, 1.1187939768393476, 1.146904378267472, 0.978241969698726, 1.0007302908412254, 1.0513290134118494, 1.1131718965537227, 0.9557536485562266, 0.8939107654143531, 0.978241969698726, 0.8770445245574785, 0.9951082105556007, 1.1131718965537227, 1.0513290134118494, 1.0344627725549747, 0.9613757288418514, 1.0400848528405995, 1.0007302908412254, 0.9951082105556007, 1.023218611983725, 0.9276432471281023, 1.0175965316981002, 1.0457069331262243, 1.0007302908412254, 0.9501315682706016, 1.0457069331262243, 1.0681952542687239, 0.8545562034149791, 0.9501315682706016, 1.0400848528405995, 1.0288406922693498, 0.8601782837006039, 1.011974451412475, 0.9332653274137271, 1.062573173983099, 2.125146347966198, 273.7109787056464, 301.6189852434882, 0.983864049984351, 537.0998180068856, 67.39187638378523, 1.0738173345543487, 0.9276432471281023, 0.9951082105556007, 1.0063523711268505, 0.9726198894131013, 0.8939107654143531, 0.9163990865568525, 1.0400848528405995, 1.0681952542687239, 0.9669978091274763, 1.0400848528405995, 0.8995328456999779, 0.983864049984351, 0.9951082105556007, 1.0344627725549747, 1.056951093697474, 0.978241969698726, 1.1300381374105972, 1.0738173345543487, 0.9276432471281023, 1.0063523711268505, 1.011974451412475, 1.096305655696848, 1.0906835754112234, 1.5292058376899627, 1.1356602176962223, 0.9951082105556007, 1.011974451412475, 1.0400848528405995, 1.023218611983725, 1.107549816268098, 0.9951082105556007, 0.9613757288418514, 0.9669978091274763, 1.0344627725549747, 1.0738173345543487, 0.9951082105556007, 1.1131718965537227, 1.1131718965537227, 1.056951093697474, 1.0063523711268505, 0.9332653274137271, 0.9332653274137271, 0.9951082105556007, 0.978241969698726, 1.0063523711268505, 1.011974451412475, 1.0850614951255984, 0.9613757288418514, 0.9051549259856028, 0.9051549259856028, 0.9501315682706016, 1.0344627725549747, 0.9726198894131013, 0.8208237217012299, 1.056951093697474, 1.011974451412475, 1.101927735982473, 0.983864049984351, 1.096305655696848, 1.0513290134118494, 1.0175965316981002, 0.983864049984351, 1.011974451412475, 1.0175965316981002, 0.983864049984351, 1.1131718965537227, 1.1356602176962223, 1.0007302908412254, 1.0738173345543487, 0.9445094879849769, 0.9557536485562266]
226.11480999
